/*sentiment towards the subject*/ 

POSITIVE > 0.3 = 21, 24, 47, 48, 50, 53, 55, 57, 62, 63, 84, 87, 91, 97, 98, 99, 100, 102, 103, 104, 105, 109, 110, 117, 118, 121, 123, 124, 128, 133, 134, 141, 
pro-russia 

-0.3< NEUTRAL <0.3 = 36, 39, 40, 42, 44, 45, 56, 60, 61, 64, 71, 72, 74, 75, 81, 82, 85, 86, 92, 94, 108, 111, 113, 119, 120, 122, 144, 154, 155, 

NEGATIVE <-0.3 = 2, 3, 4, 5, 6, 8, 18, 23, 27, 28, 29, 35, 37, 46, 49, 51, 52, 54, 58, 59, 65, 66, 67, 68, 69, 70, 73, 76, 77, 78, 79, 80, 81, 83, 88, 89, 90, 93, 95, 96, 101, 106, 107, 112, 114, 115, 116, 125, 126, 127, 129, 130, 131, 132, 135, 136, 137, 138, 139, 140, 142, 143, 144, 145, 146, 147, 149, 152, 153, 156, 157, 158, 
pro western alliance 